What type of heuristic: none (n), h1 (1), or h2 (2)? Enter n (for an n x n puzzle): How many random moves? Single run with solution (s), no solution (n), or multiple runs (m)? How many runs? 29111
24
11680
22
51
10
2286
18
50436
26
40409
26
26924
24
29681
24
1533
18
27230
24
58768
26
10697
22
27811
24
11791
22
12341
22
24938
24
1946
18
24749
24
5674
20
12051
22
12027
22
2568
18
5149
20
1844
18
49350
26
53080
26
53014
26
2843
18
11300
22
3043
18
26283
24
24727
24
1570
18
10503
22
7064
20
12210
22
1437
18
6267
20
5315
20
58294
26
135
12
4452
20
25969
24
12479
22
12352
22
5882
20
59544
26
5282
20
12547
22
25016
24
