What type of heuristic: none (n), h1 (1), or h2 (2)? Enter n (for an n x n puzzle): How many random moves? Single run with solution (s), no solution (n), or multiple runs (m)? How many runs? 449
20
701
18
405
18
4510
26
5949
26
2338
24
1508
24
576
20
5952
26
1757
26
886
20
1604
22
3236
24
744
22
47
14
6576
26
2659
24
444
22
771
26
2879
24
1500
22
1175
24
349
22
121
18
473
20
408
22
1931
22
2957
24
1530
22
165
20
1505
22
144
16
2187
24
2903
26
6185
26
766
22
1774
24
3142
24
3066
26
1217
22
516
20
888
22
3008
24
927
22
494
22
1786
22
2329
24
234
18
3365
26
998
22
