19910811
19930322
19910423
19920610
19900526
19900815
19910903
19921016
19910701
19921019
19901012
19920327
19930918
19910831
19921225
19930307
19931229
19910528
19920822
19930411
19900708
19920623
19911128
19910731
19911009
19921115
19931225
19931003
19921115
19920429
19920428
19921221
19930121
19910317
19920618
19910323
19930830
19920118
19900801
19910722
19901220
19930821
19920914
19910403
19930202
19900610
19921128
19931023
19911102
19930703
19921022
19921113
19920921
19900606
19910705
19931028
19900307
19920801
19910509
19930424
19921022
19920706
19920620
19931110
19911219
19931231
19930305
19900111
19911022
19910317
19900430
19930424
19910503
19921204
19910103
19910622
19900224
19931127
19900425
19930723
19900330
19901206
19910806
19911210
19920424
19921117
19921219
19910920
19920327
19900721
19910227
19930628
19920820
19920627
19920828
19911231
19900326
19901213
19921218
19920306
19900826
19930522
19920316
19910830
19900616
19900220
19910829
19930522
19930316
19920311
19931129
19930505
19910312
19921009
19920710
19920615
19931002
19901116
19940224
19911229
19911021
19901007
19900102
19910306
19910810
19930716
19921116
19900228
19921121
19930818
19930528
19910717
19910617
19900906
19930716
19910611
19930915
19930525
19910306
19920324
19920322
19910604
19910909
19930921
19900927
19910220
19920412
19900813
19920705
19900527
19910605
19900423
19921007
19930809
19911006
19910912
19920105
19930911
19900413
19901124
19911021
19911022
19910414
19911223
19900916
19910619
19930701
19911023
19920101
19900414
19951028
19930825
19900625
19900920
19920716
19900625
19900103
19900103
19930316
19900304
19911016
19910414
19910731
19921204
19920414
19910309
19901030
19901019
19910202
19910609
19920425
19900219
19900716
19930125
19901030
19920603
19900201
19930823
19930617
19920727
19910731
19931009
19920920
19900330
19920501
19920323
19910105
19930602
19901007
19920225
19900620
19900113
19930306
19910905
19900716
19921001
19900514
19901108
19930124
19900328
19910804
19910524
19921019
19911220
19930623
19920415
19911228
19920912
19930512
19920911
19910122
19920911
19900503
19921009
19930402
19900107
19901130
19930825
19931222
19910211
19910717
19921104
19930602
19900110
19930915
19901028
19900822
19920902
19911206
19900502
19900206
19900608
19900316
19900331
19910816
19910430
19900615
19920601
19910119
19931203
19820914
19931204
19900811
19910113
19930228
19930125
19910126
19930206
19900616
19910403
19901004
19911217
19921216
19931029
19911227
19910315
19920629
19920709
19900408
19930221
19930118
19920122
19910509
19901220
19900130
19930127
19920922
19901223
19930304
19920415
19920417
19900714
19911210
19920708
19920507
19930720
19911206
19930125
19900922
19900216
19920805
19901017
19920901
19930924
19910311
19920922
19910209
19920607
19911119
19900525
19910821
19900226
19910928
19910403
19910412
19900125
19920830
19931126
19930523
19930901
19900514
19910424
19921003
19910418
19930506
19920519
19910826
19931218
19921102
19910513
19930624
19900312
19910924
19930226
19920609
19930610
19901019
19920815
19920213
19921130
19901009
19900205
19930306
19930911
19911218
19910603
19920625
19900328
19901008
19931120
19931221
19920928
19931101
19911008
19900123
19931110
19920627
19900506
19931225
19920929
19931118
19910222
19900328
19930121
19911126
19910722
19910816
19910429
19920327
19920126
19920925
19930611
19921112
19920813
19920929
19910822
19920111
19910205
19910626
19900919
19931129
19930322
19920920
19921108
19930308
19901020
19920603
19901221
19931210
19921102
19930327
19931123
19930129
19910915
19920903
19900204
19900818
19930712
19930813
19920207
19901009
19910325
19910112
19910707
19930308
19930108
19930123
19930511
19900118
19930806
19910113
19901030
19901119
19920426
19920714
19910213
19920625
19900815
19910801
19920304
19910501
19910315
19920220
19920401
19900806
19930731
19900618
19900714
19930822
19910728
19920909
19911012
19910801
19930102
19921221
19901009
19910618
19930211
19920609
19930730
19910929
19930507
19930412
19920325
19901019
19920913
19920214
19910813
19901122
19900216
19930315
19930221
19900418
19920711
19900611
19901007
19931001
19900628
19900522
19900521
19920615
19901214
19910620
19930625
19910908
19911023
19920626
19931125
19920728
19920801
19900702
19930326
19910614
19920104
19900903
19900929
19920808
19920523
19930228
19900329
19910220
19910331
19930525
19900220
19910413
19920605
19921113
19910520
19920620
19910517
19921013
19930419
19930122
19900703
19920511
19900611
19920310
19900906
19910331
19910807
19930624
19920605
19900901
19901130
19900517
19920821
19910619
19930603
19930430
19920210
19920221
19921120
19900622
19910707
19920622
19930618
19910217
19910901
19931023
19911009
19910725
19920119
19920331
19900131
19920426
19930428
19920603
19900107
19911108
19910111
19921031
19920624
19910401
19901015
19900202
19910516
19900518
19930607
19900315
19930624
19920127
19910601
19900630
19900103
19931115
19910201
19920122
19900407
19921013
19900612
19910701
19910907
19931226
19920718
19900623
19910604
19930305
19920109
19930422
19900430
19930328
19900219
19920122
19910515
19910227
19910108
19910622
19931003
19930709
19920506
19930112
19901119
19910414
19900723
19910922
19930213
19910313
19930922
19911113
19910115
19920409
19920727
19900320
19910710
19910222
19910327
19930505
19920913
19920416
19930520
19900219
19930902
19920519
19931002
19920324
19910321
19900414
19930929
19930724
19931103
19930303
19920414
19901012
19920520
19930708
19920908
19900802
19931202
19910313
19920710
19901102
19900404
19931116
19900620
19910104
19920828
19901029
19910224
19920219
19931115
19910801
19930112
19930909
19920813
19930624
19930825
19900517
19911112
19921216
19931007
19910105
19900218
19920703
19930502
19930202
19920714
19911016
19930418
19901016
19910322
19910203
19911208
19901203
19930609
19910528
19920819
19900324
19930521
19910125
19910807
19910514
19911207
19931107
19901031
19910220
19901107
19911115
19901122
19930628
19910910
19920818
19930325
19900117
19911213
19911011
19921116
19921008
19900921
19910526
19900504
19910510
19930131
19930403
19910706
19910918
19901120
19910601
19900109
19920731
19930625
19920612
19920201
19901211
19930508
19900404
19900316
19930504
19900606
19930612
19930211
19911222
19920319
19910602
19910515
19910216
19930819
19911006
19910207
19911111
19901214
19910204
19930116
19900529
19930809
19920620
19930326
19900414
19921118
19910901
19930620
19900721
19891128
19921017
19901228
19900417
19911208
19921101
19910318
19900216
19910723
19930724
19920103
19900903
19920211
19931027
19910613
19910310
19931027
19911127
19910308
19920506
19930419
19930115
19920716
19930422
19930323
19910524
19920509
19921004
19910813
19900305
19900314
19930123
19910216
19910517
19911103
19930226
19900418
19910624
19930305
19920913
19920228
19930830
19920607
19920411
19910325
19900630
19920216
19931212
19930530
19920128
19900204
19910917
19910621
19931010
19920202
19900109
19920720
19910406
19921005
19920818
19930512
19900222
19900627
19910611
19930720
19910206
19930612
19910912
19930111
19900215
19900530
19920202
19921103
19910712
19920328
19930929
19930912
19921220
19910424
19910315
19900818
19900209
19931118
19921114
19910118
19900410
19911101
19900808
19911004
19921127
19900612
19900311
19930928
19930104
19920418
19910507
19930816
19920412
19910403
19900816
19911116
19920210
19910612
19900710
19900122
19930713
19920426
19920513
19900717
19920310
19931217
19911227
19920719
19911206
19920823
19910614
19930510
19900808
19910907
19930901
19921102
19920605
19900507
19900628
19911101
19900829
19900116
19901125
19901225
19900915
19930612
19920106
19910101
19920415
19900922
19931006
19901107
19921115
19910910
19900429
19900802
19920110
19910305
19900227
19920105
19920924
19910820
19910203
19910503
19930701
19910622
19930821
19900215
19900613
19910815
19900627
19910802
19921009
19920228
19920331
19921114
19900430
19900510
19910830
19920207
19930929
19931030
19930920
19920521
19930711
19900517
19900508
19900612
19901121
19910606
19930417
19920116
19910419
19920118
19931202
19920706
19930117
19920627
19930208
19930317
19901005
19921209
19920325
19910616
19920210
19900121
19910725
19930101
19931029
19930610
19930917
19911109
19920926
19930831
19920208
19900507
19920215
19910530
19900725
19910206
19901124
19930127
19910428
19930525
19900508
19920708
19930905
19911116
19930416
19920511
19930520
19910419
19930320
19911204
19920213
19900909
19901227
19930309
19921123
19931024
19920319
19910211
19930525
19910214
19910506
19930927
19930603
19900925
19901201
19901208
19910418
19920123
19930119
19930410
19930220
19931227
19910922
19900803
19900331
19900421
19930126
19910818
19930222
19901031
19931224
19910802
19910829
19921213
19900720
19930402
19901018
19920527
19900323
19921126
19920206
19910210
19920717
19900319
19911004
19920220
19930129
19930324
19930312
19931018
19910227
19930908
19930524
19910611
19901220
19930514
19901202
19920311
19920404
19921221
19910611
19920630
19911213
19900419
19920809
19920408
19910901
19900307
19930828
19910106
